System ground state energies for 10x10 with seeds = 1 to 25

-78.65040168400627
-67.172057869299
-70.7777921590581
-73.13928995859656
-74.62129999244705
-76.71913041123678
-73.3272999525439
-75.16187653078254
-70.85054995040909
-70.08707989586142
-71.28637772332007
-72.08464095311297
-82.23925675061427
-70.33253216249793
-74.08835811978035
-70.40266058659732
-70.04240531081452
-73.85140859091908
-80.00258111960574
-71.4689600745589
-75.33329561425946
-75.53434696213853
-73.42476656877521
-72.61501905463393
-70.99738742293526
