System ground state energies for 20x20 with seeds = 1 to 25

-313.56529300588767
-304.5486280448573
-293.40266384190096
-313.87021387254003
-301.8001847264514
-306.3720058987452
-306.7149165942408
-304.514918657809
-289.02852611596484
-306.9714402432334
-309.5653801659543
-302.4195699932113
-313.51042747104736
-307.1141664171871
-320.8909330318673
-305.0717527669783
-306.67407642429794
-299.92972264119055
-307.49082385151326
-307.1717162127809
-313.1119762999864
-309.2958076222315
-302.4560674768569
-307.2007490225245
-308.80221395709407
