System ground state energies for 40x40 with seeds = 1 to 25

-1234.98769762046
-1262.0715205199365
-1253.7414064240027
-1261.3458832799788
-1245.5638794689146
-1264.8320811913768
-1244.996701739134
-1228.7615306234516
-1227.960882919884
-1279.5236660070427
-1230.0479682866096
-1237.680208200235
-1249.9459524916308
-1222.8292639981153
-1228.214998361748
-1228.4992741104443
-1241.5274803736684
-1226.0524213080912
-1213.9873746581507
-1253.9258009636387
-1243.85425429518
-1251.0884631852773
-1246.6106392958602
-1248.5012486330775
-1251.5846710477692
